090
093
094
095
100
101
103
104
105
106
107
108
109
110
112
113
114
116
117
118
119
120
121
122
126
127
128
129
130
131
134
137
139
140
144
145
151
152
160
161
164
165
166
167
171
172
174
175
178
179
181
184
185
187
188
191
192
193
194
195
196
197
198
199
200
201
203
204
205
206
207
209
210
211
213
215
217
219
220
222
225
227
228
230
233
234
237
241
243
244
247
248
249
250
251
255
257
258
261
263
268
277
278
280
281
292
293
295
297
298
306
307
309
310
311
314
315
319
321
326
330
332
336
337
341
349
350
353
365
366
367
369
370
373
374
380
396
397
399
400
402
405
406
407
409
410
411
419
422
423
430
436
438
443
445
447
453
462
463
468
476
480
486
490
493
501
505
507
518
522
526
534
542
543
554
564
569
577
578
590
591
597
603
607
619
620
622
627
634
660
661
699
708
488
